# accuracy_goal: 1e-06
#                  sigma                     qmin                     qmax                optimal_a              min_samples            best_integral      best_integral_qmin0          finite_integral            full_integral      rel_err_best-finite        rel_err_best-full   rel_err_bestqmin0_best   rel_err_bestqmin0_full
1.000000000000000021e-02 9.519292597914557064e-01 1.050288148740903704e+00 7.000000000000000666e-01 9.000000000000000000e+00 8.066512129059818029e-03 1.663281559618993830e-06 8.066505470620452187e-03 8.066512722413042222e-03 8.254428624753460135e-07 7.355758859022465797e-08 9.997938041209128990e-01 9.997938041360802108e-01
2.000000000000000042e-02 9.059880999061575846e-01 1.102884596407150530e+00 1.200000000000000178e+00 9.000000000000000000e+00 8.077405769290207233e-03 1.787124860184677734e-04 8.077402172003653527e-03 8.077409868506909424e-03 4.453519184885480867e-07 5.074914816659053532e-07 9.778750144386800791e-01 9.778750256669218599e-01
2.999999999999999889e-02 8.615388123794742725e-01 1.158626407406435410e+00 1.600000000000000089e+00 9.000000000000000000e+00 8.095597871752032923e-03 1.732134651496774688e-03 8.095596911366777226e-03 8.095604501997867922e-03 1.186305674814653092e-07 8.189932985686832591e-07 7.860399344264972221e-01 7.860401096583570224e-01
4.000000000000000083e-02 8.187592278995121653e-01 1.217458173998586801e+00 5.000000000000000000e-01 9.000000000000000000e+00 8.121147216693417117e-03 7.862637337468447729e-03 8.121138145557166982e-03 8.121145862702761412e-03 1.116978444098762990e-06 1.667240902449737208e-07 3.183169475041526530e-02 3.183153333343537172e-02
5.000000000000000278e-02 7.776205885860481004e-01 1.279560358608713200e+00 2.300000000000000266e+00 9.000000000000000000e+00 8.154097696514202992e-03 8.461434754515124307e-03 8.154095158844619842e-03 8.154103197000115225e-03 3.112141241566385966e-07 6.745666297498227202e-07 3.769111794335072707e-02 3.769041795155057828e-02
6.000000000000000472e-02 7.371618496373865126e-01 1.346822083090964517e+00 2.600000000000000089e+00 9.000000000000000000e+00 8.194562735058580696e-03 1.224621180727267743e-02 8.194558393586810069e-03 8.194566070817867545e-03 5.297993573424525515e-07 4.070696676335281430e-07 4.944313934995010484e-01 4.944307851618103822e-01
6.999999999999999278e-02 6.980970306695346572e-01 1.418496025643458891e+00 2.800000000000000266e+00 9.000000000000000000e+00 8.242638978542873515e-03 1.610817767600901396e-02 8.242637327770557798e-03 8.242644775428761492e-03 2.002723461040221238e-07 7.032798386819847953e-07 9.542500548600520993e-01 9.542486804753886886e-01
8.000000000000000167e-02 6.615295637151843433e-01 1.492422449037146492e+00 3.000000000000000444e+00 9.000000000000000000e+00 8.298464747923697121e-03 1.722419989333452695e-02 8.298462724045262487e-03 8.298470828628069437e-03 2.438859463416111473e-07 7.327499846524478155e-07 1.075588728342080191e+00 1.075587207454471228e+00
8.999999999999999667e-02 6.253366238757313011e-01 1.573441370144406992e+00 3.200000000000000178e+00 9.000000000000000000e+00 8.362193938367403281e-03 1.691382961838697185e-02 8.362189556659823178e-03 8.362197574482897050e-03 5.239904633127675586e-07 4.348277425140224716e-07 1.022654550115486893e+00 1.022653670609175114e+00
9.999999999999999167e-02 5.905374486327324979e-01 1.659841684174649501e+00 1.700000000000000178e+00 9.000000000000000000e+00 8.434003164108873005e-03 9.886125688669963885e-03 8.433992899684533001e-03 8.434000885482989540e-03 1.217030232547083686e-06 2.701714067147637313e-07 1.721747663957060581e-01 1.721750830838116031e-01
1.100000000000000006e-01 5.571266295287534698e-01 1.752008287534196906e+00 3.500000000000000444e+00 9.000000000000000000e+00 8.514077380387456012e-03 1.338613677555734738e-02 8.514071975443777626e-03 8.514079971595022236e-03 6.348247576453254582e-07 3.043438134089894337e-07 5.722357429347412205e-01 5.722352644345196637e-01
1.199999999999999956e-01 5.250940420007597087e-01 1.850355725780101546e+00 3.600000000000000089e+00 9.000000000000000000e+00 8.602650598840921176e-03 1.088229832530988352e-02 8.602650260467182425e-03 8.602658301431668694e-03 3.933366212802538193e-08 8.953733227131419563e-07 2.649936435609869800e-01 2.649925109194251616e-01
1.300000000000000044e-01 4.944252631634504791e-01 1.955330583404176537e+00 1.630000000000000071e+01 9.000000000000000000e+00 8.699992234446092890e-03 4.597481040922564217e-07 8.699976526214122513e-03 8.699984641499076965e-03 1.805548776257700482e-06 8.727540712780381155e-07 9.999471553431654725e-01 9.999471552970451427e-01
1.400000000000000133e-01 4.651019791497548184e-01 2.067414075502491233e+00 9.209999999999999432e+01 6.000000000000000000e+00 8.806340980718823166e-03 1.112151413604087546e-06 8.806326004140923452e-03 8.806334220288428855e-03 1.700661307867976273e-06 7.676781536109511265e-07 9.998737101577102049e-01 9.998737100607603123e-01
1.500000000000000222e-01 4.371023802925268487e-01 2.187124858925058035e+00 1.380000000000000071e+01 9.000000000000000000e+00 8.922017315788238409e-03 7.449513670325358516e-07 8.922001682901614314e-03 8.922010024835967668e-03 1.752172570652440420e-06 8.171871865696033827e-07 9.999165041558802924e-01 9.999165040876485389e-01
1.600000000000000033e-01 4.104015426691325352e-01 2.315022082089472910e+00 1.300000000000000000e+01 9.000000000000000000e+00 9.047350976279951856e-03 1.661863115437247485e-05 9.047335746341294421e-03 9.047344238298650476e-03 1.683361719343064433e-06 7.447468697894070919e-07 9.981631495011143995e-01 9.981631481331256772e-01
1.700000000000000122e-01 3.849717947588440770e-01 2.451708694377953357e+00 4.099999999999999645e+00 9.000000000000000000e+00 9.182691060754413423e-03 5.209964406963271330e-03 9.182691161899706953e-03 9.182699828087958344e-03 1.101477679541537100e-08 9.547664313389851692e-07 4.326320713075104685e-01 4.326326130113629653e-01
1.800000000000000211e-01 3.607830681805816453e-01 2.597835037933532654e+00 4.200000000000000178e+00 9.000000000000000000e+00 9.328474820385731364e-03 5.413821754971181142e-03 9.328463430093971234e-03 9.328472295180941301e-03 1.221025503877138948e-06 2.706986428386180514e-07 4.196455627301226565e-01 4.196454056289641299e-01
1.900000000000000022e-01 3.378032316846267258e-01 2.754102746743379626e+00 1.140000000000000036e+01 9.000000000000000000e+00 9.485099520874664888e-03 3.736023441117095750e-03 9.485082506900655713e-03 9.485091596395513885e-03 1.793761308538646803e-06 8.354668028735174929e-07 6.061165797053672533e-01 6.061162506288453322e-01
2.000000000000000111e-01 3.159984077657184143e-01 2.921268980162189610e+00 1.109999999999999964e+01 9.000000000000000000e+00 9.653026793012466772e-03 7.752110849472629815e-03 9.653014912115783636e-03 9.653024252686839835e-03 1.230796470460667805e-06 2.631637050150704914e-07 1.969243413802448384e-01 1.969241300398791028e-01
2.100000000000000200e-01 2.953332714459004360e-01 3.100151020504624100e+00 4.399999999999999467e+00 9.000000000000000000e+00 9.832767125849236484e-03 8.076380678714835393e-03 9.832766038147611534e-03 9.832775657905338043e-03 1.106201063596478547e-07 8.677159327539325425e-07 1.786258562472265998e-01 1.786265689666578782e-01
2.200000000000000011e-01 2.757713309432183735e-01 3.291631267043250819e+00 1.050000000000000000e+01 9.000000000000000000e+00 1.002490201019545953e-02 1.732303877790328239e-02 1.002488267520256111e-02 1.002489260396742868e-02 1.928700167857220347e-06 9.382871620115996877e-07 7.280008084154359072e-01 7.280024297764103869e-01
2.300000000000000100e-01 2.561802691067390780e-01 3.511607486915418797e+00 2.800000000000000266e+00 9.000000000000000000e+00 1.022995842631651414e-02 1.009543656830618266e-02 1.022995667227408548e-02 1.022996604004209296e-02 1.714613741638140372e-07 7.442571704560082074e-07 1.314979518042563161e-02 1.315052965076673498e-02
2.400000000000000189e-01 2.387488077469006875e-01 3.732742780642234859e+00 4.599999999999999645e+00 9.000000000000000000e+00 1.044863055638562722e-02 1.129934821101131158e-02 1.044862436916607455e-02 1.044863408516555174e-02 5.921563771524733054e-07 3.377264334987561589e-07 8.141905774491879633e-02 8.141869252111730293e-02
2.500000000000000000e-01 2.223079410326623540e-01 3.969704808947582819e+00 1.000000000000000000e+01 9.000000000000000000e+00 1.068158884053695308e-02 2.132356634084956251e-02 1.068157521766280142e-02 1.068158531568047173e-02 1.275361908151165939e-06 3.299937581525906883e-07 9.962916246996872394e-01 9.962922834634628799e-01
2.600000000000000089e-01 2.068185764303191176e-01 4.223707565616871662e+00 7.220000000000000284e+01 4.000000000000000000e+00 1.092957225210347376e-02 1.275214400658366332e-06 1.092955183458541903e-02 1.092956235107499577e-02 1.868102037827727408e-06 9.058943222018973195e-07 9.998833243999633025e-01 9.998833242942675170e-01
2.700000000000000178e-01 1.922416241007744442e-01 4.496063514093584956e+00 1.900000000000000133e+00 1.300000000000000000e+01 1.119336162276588290e-02 1.119387752284300291e-02 1.119335478979279798e-02 1.119336576419168588e-02 6.104490756558042975e-07 3.699893213744480849e-07 4.608982488966879051e-05 4.571981851555130419e-05
2.800000000000000266e-01 1.776450132979973673e-01 4.812265770109892316e+00 2.300000000000000266e+00 1.300000000000000000e+01 1.147384735290330783e-02 1.147522861028075873e-02 1.147384784423471048e-02 1.147385834441215675e-02 4.282185098816330356e-08 9.579610030897870494e-07 1.203831055937302005e-04 1.194250292683198260e-04
2.900000000000000355e-01 1.648164881205943233e-01 5.128035371104737727e+00 2.000000000000000000e+00 1.300000000000000000e+01 1.177196103065284057e-02 1.177315410570908480e-02 1.177195873776495059e-02 1.177196974532575269e-02 1.947753930376223100e-07 7.402901214201726877e-07 1.013488791831371330e-04 1.006085140341428841e-04
2.999999999999999889e-01 1.527845639787462073e-01 5.466980365421378885e+00 9.250000000000000000e+01 9.000000000000000000e+00 1.208869034467457103e-02 5.354398884168979039e-05 1.208868998972902065e-02 1.208870155159072479e-02 2.936178781022947496e-08 9.270570628231769799e-07 9.955707370016902980e-01 9.955707411078699165e-01
3.099999999999999978e-01 1.415115082351719733e-01 5.830916749553351153e+00 9.400000000000000355e+00 9.000000000000000000e+00 1.242513900407114964e-02 1.069911901437574885e-02 1.242512063584114146e-02 1.242513280322678909e-02 1.478314017748803404e-06 4.990565862556592931e-07 1.389135356256266385e-01 1.389131058947552511e-01
3.200000000000000067e-01 1.302315006864430968e-01 6.256629600933026225e+00 5.650000000000000711e+01 9.000000000000000000e+00 1.278241492015080860e-02 1.158955832258064689e-03 1.278241425280687675e-02 1.278242601947606957e-02 5.220797250445406936e-08 8.683269704874382526e-07 9.093320128083910436e-01 9.093320915378497737e-01
3.300000000000000155e-01 1.204038617635086045e-01 6.679904373982737731e+00 4.770000000000000284e+01 9.000000000000000000e+00 1.316182768125967635e-02 3.164146184748947970e-03 1.316182133171796796e-02 1.316183376867665136e-02 4.824212051175451757e-07 4.625052315657662757e-07 7.595967473989814200e-01 7.595968585867434175e-01
3.400000000000000244e-01 1.112257584453039128e-01 7.134864667216595180e+00 4.160000000000000142e+01 9.000000000000000000e+00 1.356470051647019372e-02 6.694198684649172587e-03 1.356469266558662720e-02 1.356470583535535242e-02 5.787734200888204096e-07 3.921120902480046227e-07 5.064986007968912407e-01 5.064987943047564167e-01
3.500000000000000333e-01 1.026627721002258964e-01 7.624034713164985710e+00 3.710000000000000142e+01 9.000000000000000000e+00 1.399248329271227109e-02 1.164659483568788664e-02 1.399248306971225507e-02 1.399249704101569215e-02 1.593712959390242884e-08 9.825482457319905272e-07 1.676534756519021674e-01 1.676542934725195055e-01
3.600000000000000422e-01 9.410372857227065901e-02 8.200192336501237023e+00 3.420000000000000284e+01 9.000000000000000000e+00 1.444676154189739048e-02 1.724071668123425272e-02 1.444676213133040156e-02 1.444677578093095556e-02 4.080035413626126551e-08 9.856201675030720623e-07 1.933966398790516183e-01 1.933954636432555219e-01
3.699999999999999956e-01 8.670552902754241620e-02 8.770884226333688360e+00 3.150000000000000355e+01 9.000000000000000000e+00 1.492922255503595363e-02 2.284216086890037203e-02 1.492921880500067307e-02 1.492923334571528982e-02 2.511876428062556007e-07 7.227885777053718240e-07 5.300301663193580648e-01 5.300290604310302633e-01
3.800000000000000044e-01 7.931722228219155457e-02 9.445136898007531201e+00 2.970000000000000284e+01 9.000000000000000000e+00 1.544170091264045371e-02 2.762252692953429817e-02 1.544167982395665967e-02 1.544169410361010027e-02 1.365698812205660485e-06 4.409509933140442845e-07 7.888267028227905486e-01 7.888274916077020471e-01
3.900000000000000133e-01 7.295412267903571280e-02 1.011201672973480825e+01 3.000000000000000444e+00 1.300000000000000000e+01 1.598613013030941027e-02 1.598479999311544844e-02 1.598611135350860510e-02 1.598612662736946868e-02 1.174569624216285708e-06 2.191237454348727225e-07 8.320570288865045496e-05 8.298659737556085059e-05
4.000000000000000222e-01 6.704796355014318310e-02 1.083029220612532662e+01 2.630000000000000426e+01 9.000000000000000000e+00 1.656464796194078229e-02 3.333387362575643970e-02 1.656463949290359894e-02 1.656465585844748428e-02 5.112720495353292890e-07 4.767081652327941933e-07 1.012350259561502153e+00 1.012349300257701978e+00
4.100000000000000311e-01 6.115668249864750911e-02 1.168278209829652603e+01 2.500000000000000444e+00 1.300000000000000000e+01 1.717959342466405734e-02 1.717718503699681293e-02 1.717956022142529821e-02 1.717957641098343327e-02 1.932717620892527200e-06 9.903434297244896836e-07 1.401888628974644129e-04 1.391986583028592098e-04
4.200000000000000400e-01 5.610940726135778961e-02 1.252406249089633405e+01 3.100000000000000089e+00 1.300000000000000000e+01 1.783335855386781674e-02 1.783170156704837889e-02 1.783334971387950246e-02 1.783336712896216661e-02 4.956998239873113094e-07 4.808455009007012751e-07 9.291501734980098562e-05 9.339581817293362827e-05
4.299999999999999933e-01 5.107987164879936037e-02 1.352533726140106651e+01 3.200000000000000178e+00 1.300000000000000000e+01 1.852872225680723614e-02 1.852675810572341694e-02 1.852868970961494416e-02 1.852870702202340583e-02 1.756583590208881312e-06 8.222259552272512791e-07 1.060057491604739574e-04 1.051836103659250783e-04
4.400000000000000022e-01 4.678498660182200258e-02 1.451224718876218667e+01 3.200000000000000178e+00 1.300000000000000000e+01 1.926848727449022997e-02 1.926738114563857421e-02 1.926847402408763538e-02 1.926849271884947118e-02 6.876726500513001209e-07 2.825524196756440748e-07 5.740610749034638887e-05 5.768864368978746007e-05
4.500000000000000111e-01 4.250962677611725554e-02 1.569001803688371233e+01 2.190000000000000213e+01 9.000000000000000000e+00 2.005587549723540988e-02 2.927016951694706368e-02 2.005583891819632744e-02 2.005585759203631566e-02 1.823859836112513943e-06 8.927665651822110806e-07 4.594311537774450338e-01 4.594324567087833544e-01
4.600000000000000200e-01 3.887026491525344407e-02 1.684957979869257372e+01 2.120000000000000284e+01 9.000000000000000000e+00 2.089417247833381605e-02 2.708063388739061217e-02 2.089417248399806290e-02 2.089419272502889696e-02 2.710921838935275459e-10 9.690106407728195319e-07 2.960854953921644439e-01 2.960842394715280657e-01
4.700000000000000289e-01 3.525131629484181545e-02 1.823699838217223501e+01 4.000000000000000000e+00 1.300000000000000000e+01 2.178717820477637374e-02 2.178951492146253069e-02 2.178714959679359242e-02 2.178716991028254932e-02 1.313066799042166915e-06 3.807054270276381098e-07 1.072519196471564219e-04 1.076326659055719241e-04
4.800000000000000377e-01 3.218008770785363293e-02 1.960152583404813953e+01 2.020000000000000284e+01 9.000000000000000000e+00 2.273876109233637782e-02 2.298426927433322442e-02 2.273874478883106467e-02 2.273876688852515329e-02 7.169923170585812792e-07 2.549033904910126131e-07 1.079690230263204501e-02 1.079664464707455127e-02
4.899999999999999911e-01 2.912943441807574335e-02 2.123829933061537290e+01 4.099999999999999645e+00 1.300000000000000000e+01 2.375330570395360608e-02 2.375628424495213054e-02 2.375327278109519782e-02 2.375329506209957267e-02 1.386034619804250429e-06 4.480159070808337701e-07 1.253947991764656721e-04 1.258428712624112085e-04
5.000000000000000000e-01 2.654810049075505968e-02 2.284648048261862741e+01 3.500000000000000444e+00 1.300000000000000000e+01 2.483545461944737173e-02 2.483705862123279304e-02 2.483540561312281084e-02 2.483542994115027838e-02 1.973244380393842010e-06 9.936730369406732121e-07 6.458515899947704262e-05 6.557889621294879815e-05
5.100000000000000089e-01 2.398693656257656556e-02 2.478022377720294855e+01 1.910000000000000142e+01 9.000000000000000000e+00 2.599025499016574536e-02 1.861365957922297976e-02 2.599021997182680496e-02 2.599024461021131119e-02 1.347366008381648851e-06 3.993788665650805435e-07 2.838215867344872079e-01 2.838213007079642414e-01
5.200000000000000178e-01 2.182595333907915922e-02 2.667843329249873463e+01 4.299999999999999822e+00 1.300000000000000000e+01 2.722324095978412989e-02 2.722637757572451619e-02 2.722321953740892975e-02 2.722324653492161003e-02 7.869155656150157608e-07 2.047932627357406236e-07 1.152183145651140763e-04 1.150134977064437716e-04
5.300000000000000266e-01 1.968430929883893676e-02 2.896631035823221723e+01 3.600000000000000089e+00 1.300000000000000000e+01 2.854039302780326387e-02 2.854359607600908538e-02 2.854039060156448801e-02 2.854041806455520983e-02 8.501070674649470074e-08 8.772384444168158666e-07 1.122285948445486149e-04 1.113512579488938376e-04
5.400000000000000355e-01 1.773584455204839372e-02 3.146788718060927437e+01 4.399999999999999467e+00 1.300000000000000000e+01 2.994825406987908570e-02 2.995075170758524849e-02 2.994823302305569049e-02 2.994826102627658887e-02 7.027734617600639921e-07 2.322805152882878503e-07 8.339844120244823658e-05 8.316614131532704438e-05
5.500000000000000444e-01 1.609845533880924565e-02 3.392092068133170812e+01 3.700000000000000178e+00 1.300000000000000000e+01 3.145383968352185450e-02 3.145715251434586662e-02 3.145381500061420615e-02 3.145384585204607369e-02 7.847349406697240561e-07 1.961135133748805684e-07 1.053235743980618778e-04 1.051274402293107807e-04
5.600000000000000533e-01 1.447887862396906450e-02 3.688719006701013114e+01 4.500000000000000000e+00 1.300000000000000000e+01 3.306485406437633529e-02 3.306615317228664419e-02 3.306483413597084003e-02 3.306486572950469160e-02 6.027069548663182896e-07 3.527952737431046926e-07 3.928969133750232390e-05 3.893688220254180746e-05
5.700000000000000622e-01 1.301000562033731781e-02 4.013450966860088442e+01 3.800000000000000266e+00 1.300000000000000000e+01 3.478971018682402300e-02 3.479283394226771048e-02 3.478966389610827631e-02 3.478969632464067735e-02 1.330588185184129120e-06 3.984565779560816166e-07 8.978963684700505294e-05 9.018812920223256936e-05
5.800000000000000711e-01 1.178040405022977646e-02 4.331581460362138358e+01 4.599999999999999645e+00 1.300000000000000000e+01 3.663744291189314356e-02 3.663723429263296416e-02 3.663742577179691234e-02 3.663746168734492714e-02 4.678302547230411369e-07 5.124659547598166345e-07 5.694154493289639988e-06 6.206617529989137504e-06
5.899999999999999689e-01 1.056657807925702811e-02 4.717477257997185802e+01 4.599999999999999645e+00 1.300000000000000000e+01 3.861813123461534103e-02 3.861574698632093405e-02 3.861807000321730576e-02 3.861810702196836337e-02 1.585563391183585693e-06 6.269765362628447006e-07 6.173909037498574715e-05 6.111215254768393747e-05
5.999999999999999778e-01 9.469064150613227746e-03 5.140447336904451703e+01 4.700000000000000178e+00 1.300000000000000000e+01 4.074245426768180467e-02 4.074038183401444690e-02 4.074244084280392170e-02 4.074247908468162094e-02 3.295059796434310182e-07 6.091185508051006592e-07 5.086668696347250695e-05 5.147577453043495726e-05
6.099999999999999867e-01 8.553732235252603511e-03 5.554467059154186614e+01 4.700000000000000178e+00 1.300000000000000000e+01 4.302243829371520806e-02 4.301871773449351261e-02 4.302237248747593779e-02 4.302241505891716417e-02 1.529581830695841467e-06 5.400626164773148647e-07 8.647950625892251606e-05 8.593949034679362387e-05
6.199999999999999956e-01 7.651944875127283073e-03 6.058185534018071650e+01 8.290000000000000568e+01 9.000000000000000000e+00 4.547085075093652146e-02 7.595118042473544828e-02 4.547079670401423662e-02 4.547084086070973113e-02 1.188607330472890715e-06 2.175070133542890640e-07 6.703267955278173762e-01 6.703271588356100041e-01
6.300000000000000044e-01 6.839003354195904126e-03 6.610955343305886345e+01 9.599999999999999645e+00 9.000000000000000000e+00 4.810184670563748266e-02 4.528349711639398367e-02 4.810183403729826473e-02 4.810187993876887530e-02 2.633649936944592886e-07 6.908904898300106968e-07 5.859129705540373073e-02 5.859194746572363860e-02
6.400000000000000133e-01 6.106898888236382376e-03 7.217806432891815405e+01 6.979999999999999716e+01 9.000000000000000000e+00 5.093098645515283657e-02 7.320832048554663796e-02 5.093092594235139325e-02 5.093097376124379461e-02 1.188134720185678153e-06 2.492375092113472046e-07 4.374023670248377571e-01 4.374027252794234211e-01
6.500000000000000222e-01 5.499176165771986133e-03 7.811303825551060243e+01 4.900000000000000355e+00 1.300000000000000000e+01 5.397503882378632684e-02 5.396961841166632995e-02 5.397496173052644675e-02 5.397501532421580123e-02 1.428315230031716436e-06 4.353786726034720363e-07 1.004244228094590744e-04 9.998908785950750536e-05
6.600000000000000311e-01 4.902121261997013230e-03 8.536082372278337971e+01 6.000000000000000711e+01 9.000000000000000000e+00 5.725253772989475493e-02 6.894448477914176532e-02 5.725244112687889048e-02 5.725249717807307653e-02 1.687316976587328291e-06 7.082978678163677618e-07 2.042170969679478476e-01 2.042179499123500386e-01
6.700000000000000400e-01 4.365994848083255310e-03 9.332697627699032239e+01 3.600000000000000089e+00 1.300000000000000000e+01 6.078368559314629993e-02 6.079254581011691444e-02 6.078361690396213296e-02 6.078367564946510898e-02 1.130060823387636651e-06 1.635913110667031982e-07 1.457663661581842037e-04 1.459299813153618606e-04
6.800000000000000488e-01 3.885054446800721619e-03 1.020862741361494415e+02 6.000000000000000000e+00 1.300000000000000000e+01 6.459072056956655095e-02 6.459331546493621290e-02 6.459069144270128404e-02 6.459075314120857336e-02 4.509452463865121565e-07 5.042771672163073927e-07 4.017442980632422408e-05 3.967013238006026048e-05
6.900000000000000577e-01 3.454042323531865410e-03 1.117215981405905723e+02 5.099999999999999645e+00 1.300000000000000000e+01 6.869811306408393770e-02 6.869338520624176936e-02 6.869801568870044506e-02 6.869808062340329591e-02 1.417440991802236882e-06 4.722210627633764433e-07 6.882078169684268071e-05 6.834859313270197421e-05
7.000000000000000666e-01 3.068151149825822620e-03 1.223248401150985956e+02 6.099999999999999645e+00 1.300000000000000000e+01 7.313233911345221050e-02 7.313828295226122711e-02 7.313231420812278671e-02 7.313238268962571342e-02 3.405516384030865433e-07 5.958533265333554446e-07 8.127510867382171521e-05 8.067920691924449286e-05
7.100000000000000755e-01 2.749920741924129219e-03 1.326857020134968081e+02 5.200000000000000178e+00 1.300000000000000000e+01 7.792301811155888380e-02 7.791952994099439478e-02 7.792293033072210384e-02 7.792300784639596967e-02 1.126508415525432181e-06 1.317346852725565448e-07 4.476431546189813383e-05 4.463258667363858624e-05
7.199999999999999734e-01 2.438645109545706843e-03 1.454035058946953427e+02 6.200000000000000178e+00 1.300000000000000000e+01 8.310216007816449701e-02 8.311042256454059807e-02 8.310212498309384188e-02 8.310220703672227538e-02 4.223125541287070546e-07 5.650699235654984148e-07 9.942565113024133614e-05 9.886052502423075465e-05
7.299999999999999822e-01 2.160731442212761571e-03 1.594146204556371913e+02 4.370000000000000284e+01 9.000000000000000000e+00 8.870540183530757627e-02 6.107058508720730056e-02 8.870535674268839599e-02 8.870544377461123120e-02 5.083415572194713663e-07 4.727928960198607625e-07 3.115347676278801270e-01 3.115350931293511261e-01
7.399999999999999911e-01 1.912839402589744907e-03 1.748566582561660994e+02 6.299999999999999822e+00 1.300000000000000000e+01 9.477167648415228685e-02 9.478176840027453809e-02 9.477164719659940395e-02 9.477173969293076206e-02 3.090328568642413668e-07 6.669580898273295193e-07 1.064866265601918828e-04 1.058195974482475157e-04
7.500000000000000000e-01 1.691934283786100061e-03 1.918824333010521173e+02 5.400000000000000355e+00 1.300000000000000000e+01 1.013440585478133232e-01 1.013452858483432223e-01 1.013439612904943055e-01 1.013440597887026173e-01 9.596755226391202764e-07 1.224432193345582647e-08 1.211023662842578144e-05 1.209799215821068904e-05
7.600000000000000089e-01 1.495262495202685305e-03 2.106616949915976988e+02 6.400000000000000355e+00 1.300000000000000000e+01 1.084696569749776518e-01 1.084803062004584262e-01 1.084696371003142923e-01 1.084697421955268387e-01 1.832278957578598010e-07 7.856619501620749784e-07 9.817699970445213111e-05 9.739126062035700438e-05
7.700000000000000178e-01 1.320328606214156300e-03 2.313830654959339199e+02 4.700000000000000178e+00 1.300000000000000000e+01 1.162009798419839646e-01 1.161864253439838512e-01 1.162008655791229583e-01 1.162009779312576097e-01 9.833219437460992842e-07 1.644328979782654668e-08 1.252527992440793253e-04 1.252363580138495555e-04
7.800000000000000266e-01 1.164873898131445163e-03 2.542562050067036239e+02 6.500000000000000000e+00 1.300000000000000000e+01 1.245952320473527886e-01 1.246049974756044953e-01 1.245952264285504069e-01 1.245953467703927731e-01 4.509644986217647672e-08 9.207650442669681362e-07 7.837722271744240103e-05 7.745638550616848993e-05
7.900000000000000355e-01 1.026856369645810525e-03 2.795142323652510754e+02 5.599999999999999645e+00 1.300000000000000000e+01 1.337163811743241337e-01 1.337244056154898719e-01 1.337162870401382153e-01 1.337164161865000700e-01 7.039844434968388796e-07 2.618390242184885760e-07 6.001090588352705552e-05 5.974905114611152275e-05
8.000000000000000444e-01 9.044321369444606983e-04 3.074164319199415445e+02 7.799999999999999822e+00 1.300000000000000000e+01 1.436345102509804794e-01 1.436163287977606784e-01 1.436342723555558698e-01 1.436344112136713758e-01 1.656258083173359497e-06 6.895096256309160917e-07 1.265813709256332124e-04 1.258919485790759561e-04
8.100000000000000533e-01 7.959381667703972372e-04 3.382512813011805974e+02 5.700000000000000178e+00 1.300000000000000000e+01 1.544268967061949716e-01 1.544387628654599054e-01 1.544268145213519849e-01 1.544269641026924655e-01 5.321928270122203436e-07 4.364295956059186770e-07 7.683997747820971625e-05 7.640351434736349491e-05
8.200000000000000622e-01 6.998762787466777501e-04 3.723398390917761844e+02 7.900000000000000355e+00 1.300000000000000000e+01 1.661800932067258318e-01 1.661590302468690383e-01 1.661797923810822697e-01 1.661799538147973598e-01 1.810242023123373653e-06 8.388011024925328182e-07 1.267477918103672983e-04 1.259090970240622635e-04
8.300000000000000711e-01 6.148983521773704981e-04 4.100395362103215575e+02 5.799999999999999822e+00 1.300000000000000000e+01 1.789883303815346660e-01 1.790041203854897955e-01 1.789882721753528472e-01 1.789884467235793308e-01 3.251955064509416307e-07 6.499975098643748752e-07 8.821806383394536024e-05 8.756800898255917532e-05
8.400000000000000799e-01 5.397926721623467084e-04 4.517484202771556170e+02 8.099999999999999645e+00 1.300000000000000000e+01 1.929576725736088794e-01 1.929343101460298526e-01 1.929575623315331057e-01 1.929577514068493149e-01 5.713280912218878823e-07 4.085518195604472075e-07 1.210754009800491882e-04 1.214839033340342587e-04
8.499999999999999778e-01 4.734713501176825070e-04 4.979099083762267242e+02 5.900000000000000355e+00 1.300000000000000000e+01 2.082044133081025761e-01 2.082240351230335018e-01 2.082043969460422583e-01 2.082046021313903872e-01 7.858652630656565719e-08 9.069121713839608289e-07 9.424303077518928048e-05 9.333603313365364631e-05
8.599999999999999867e-01 4.149587545832197953e-04 5.490181105513216835e+02 4.399999999999999467e+00 1.300000000000000000e+01 2.248586577398803965e-01 2.248159744170642182e-01 2.248582645235747413e-01 2.248584875950245532e-01 1.748729611910826844e-06 7.566752656886972367e-07 1.898229013959289808e-04 1.890663697645346333e-04
8.699999999999999956e-01 3.633808894378013580e-04 6.056237941826736915e+02 3.260000000000000142e+01 9.000000000000000000e+00 2.430629814613332329e-01 2.267129274988716192e-01 2.430629007743241587e-01 2.430631437271107420e-01 3.319593768407678968e-07 6.675869283221512843e-07 6.726673829211875233e-02 6.726736097265187397e-02
8.800000000000000044e-01 3.144143607676934448e-04 6.758686968246688593e+02 8.300000000000000711e+00 1.300000000000000000e+01 2.629781961625478059e-01 2.629589816865317564e-01 2.629779830166975030e-01 2.629782319007474833e-01 8.105083469646634883e-07 1.358979388487231258e-07 7.306490156382772032e-05 7.320078957330691382e-05
8.900000000000000133e-01 2.748671290559683684e-04 7.462217023058879022e+02 3.900000000000000355e+00 1.300000000000000000e+01 2.847809815662616928e-01 2.849827805864711960e-01 2.847809547080676906e-01 2.847812268238323341e-01 9.431176333297572391e-08 8.612139689707452472e-07 7.086112952474301783e-04 7.077494710125134189e-04
9.000000000000000222e-01 2.401007336618754550e-04 8.242319632488400885e+02 2.700000000000000178e+00 9.000000000000000000e+00 3.086696385829765243e-01 3.045695629692537487e-01 3.086692436664266181e-01 3.086695417050943635e-01 1.279416585907011884e-06 3.138563060860652970e-07 1.328305444145778426e-02 1.328274475412209894e-02
9.100000000000000311e-01 2.095635502728632855e-04 9.107637397885574728e+02 8.199999999999999289e+00 9.000000000000000000e+00 3.348626151277708796e-01 3.324583218877795732e-01 3.348625950963559084e-01 3.348629220967619946e-01 5.981980449454495680e-08 9.167004492254301795e-07 7.179939268747331446e-03 7.180849387343003591e-03
9.200000000000000400e-01 1.827641025294027743e-04 1.006781908597819211e+03 8.500000000000000000e+00 1.300000000000000000e+01 3.636061554895609893e-01 3.636036780319477635e-01 3.636057847708904500e-01 3.636061441686106455e-01 1.019562080875237695e-06 3.113520089085948223e-08 6.813574456378933698e-06 6.782439467630083857e-06
9.300000000000000488e-01 1.574351297568586726e-04 1.126304343075445331e+03 6.299999999999999822e+00 1.300000000000000000e+01 3.951717552480093487e-01 3.952008342423652953e-01 3.951716860893082495e-01 3.951720581506536489e-01 1.750092517600515702e-07 7.665082539432502405e-07 7.358571044050627732e-05 7.281914578250859151e-05
9.400000000000000577e-01 1.370738545510287963e-04 1.246120860046849430e+03 8.599999999999999645e+00 1.300000000000000000e+01 4.298652003771723518e-01 4.298764916012737247e-01 4.298646129389147585e-01 4.298650233883212213e-01 1.366565750962843768e-06 4.117312214318132444e-07 2.626689504399473934e-05 2.667863708032733300e-05
9.500000000000000666e-01 1.192516769437749075e-04 1.379221330822053233e+03 7.400000000000000355e+00 1.300000000000000000e+01 4.680243264562939931e-01 4.679869189892765791e-01 4.680243344290100915e-01 4.680247879939497535e-01 1.703483240492666740e-08 9.861393404794805255e-07 7.992633054065685053e-05 8.091239106263744619e-05
9.600000000000000755e-01 1.036650803439089933e-04 1.527129695908643498e+03 8.699999999999999289e+00 1.300000000000000000e+01 5.100311504759332815e-01 5.100560148443142872e-01 5.100303715259032478e-01 5.100308735782447256e-01 1.527262048538882305e-06 5.429037787717330591e-07 4.875068583125486435e-05 4.929361607695814971e-05
9.699999999999999734e-01 8.898613388294627884e-05 1.711678932074973090e+03 6.500000000000000000e+00 1.300000000000000000e+01 5.563071051361581087e-01 5.563315785836246974e-01 5.563070101355550579e-01 5.563075341514239769e-01 1.707700987405317606e-07 7.711836341072493542e-07 4.399269259845005597e-05 4.322147503789825076e-05
9.799999999999999822e-01 7.722876514127547927e-05 1.896828509356459563e+03 1.040000000000000036e+01 1.300000000000000000e+01 6.073288452458485143e-01 6.073312147243522530e-01 6.073287860267272409e-01 6.073293681654848841e-01 9.750751592198260757e-08 8.610149019294112912e-07 3.901475324755118541e-06 3.040457063597312960e-06
9.899999999999999911e-01 6.697268867845625748e-05 2.102801228870828254e+03 8.900000000000000355e+00 1.300000000000000000e+01 6.636275118500249981e-01 6.636721207578135662e-01 6.636270262499750494e-01 6.636276740227382565e-01 7.317363982186146737e-07 2.443730417016946704e-07 6.721979874554894483e-05 6.697540927714056816e-05
1.000000000000000000e+00 5.803358951602545756e-05 2.332016412654279520e+03 5.000000000000000000e+00 1.300000000000000000e+01 7.257969426870271024e-01 7.255748309874913149e-01 7.257969304441864722e-01 7.257976524291547271e-01 1.686813503424384394e-08 9.778787865313953399e-07 3.060245730899487700e-04 3.070021526215419364e-04
1.010000000000000009e+00 4.964454551864827390e-05 2.618670518150223415e+03 6.700000000000000178e+00 1.300000000000000000e+01 7.945058601077902294e-01 7.945147306099761275e-01 7.945058143922754113e-01 7.945065739881627120e-01 5.753955979932318068e-08 8.985204098428163937e-07 1.116480397601431851e-05 1.026627353436725844e-05
1.020000000000000018e+00 4.294892527475949011e-05 2.906482693041774382e+03 7.799999999999999822e+00 1.300000000000000000e+01 8.705034704897901543e-01 8.704492083172146177e-01 8.705021981114066110e-01 8.705030477179360737e-01 1.461660161575477283e-06 4.856638413718234088e-07 6.233424037356893942e-05 6.184860680568375233e-05
1.030000000000000027e+00 3.712783920093951919e-05 3.227113898719004283e+03 5.900000000000000355e+00 1.300000000000000000e+01 9.546269864142028494e-01 9.547427174335941791e-01 9.546265942845922892e-01 9.546275460889811493e-01 4.107675324655066619e-07 5.862755381329751663e-07 1.212316653921987291e-04 1.206453187789058816e-04
1.040000000000000036e+00 3.167941118875113168e-05 3.628750225220549964e+03 7.900000000000000355e+00 1.300000000000000000e+01 1.047824233538069638e+00 1.047773593834909978e+00 1.047823357828180590e+00 1.047824365132860036e+00 8.357419048787069662e-07 1.255885955479196339e-07 4.832843289820778159e-05 4.845401542425569109e-05
1.050000000000000044e+00 2.734204308095750268e-05 4.032270923502045662e+03 1.650000000000000355e+01 9.000000000000000000e+00 1.151155238157177685e+00 1.118509324307825903e+00 1.151154092275064267e+00 1.151155224648489961e+00 9.954202665895011173e-07 1.173489676694923172e-08 2.835926273646017029e-02 2.835925133435642301e-02
1.060000000000000053e+00 2.328972323434389387e-05 4.538257276738573637e+03 8.000000000000000000e+00 1.300000000000000000e+01 1.265813720121290675e+00 1.265773109648655304e+00 1.265813540957947847e+00 1.265814744089892141e+00 1.415400744510249664e-07 8.089403336835989788e-07 3.208250312809096308e-05 3.289141750894377286e-05
1.070000000000000062e+00 2.006917659806830567e-05 5.046879560642638353e+03 7.000000000000000000e+00 1.300000000000000000e+01 1.393146979919120065e+00 1.393097161064327461e+00 1.393146707882775726e+00 1.393148065010715753e+00 1.952675499289196494e-07 7.788774380409547520e-07 3.575994170801497440e-05 3.653879129344414804e-05
1.080000000000000071e+00 1.728092751607888871e-05 5.614496094090555744e+03 8.099999999999999645e+00 1.300000000000000000e+01 1.534669713020162751e+00 1.534641957578069871e+00 1.534669398523748951e+00 1.534670931726700438e+00 2.049277936360356477e-07 7.941158671165694245e-07 1.808561272657098566e-05 1.887971423161552477e-05
1.090000000000000080e+00 1.468268605872766491e-05 6.327380316903218045e+03 7.099999999999999645e+00 1.300000000000000000e+01 1.692091991828135189e+00 1.692006588891294738e+00 1.692090950702352714e+00 1.692092589023429516e+00 6.152894925906905583e-07 3.529329885381739345e-07 5.047180487402547265e-05 5.082472004939872040e-05
1.100000000000000089e+00 1.262296265856984137e-05 7.044433217824395797e+03 9.500000000000000000e+00 1.300000000000000000e+01 1.867342522330228682e+00 1.867435327789787936e+00 1.867340053249161080e+00 1.867341910317731557e+00 1.322245010117911885e-06 3.277452799317595161e-07 4.969921610495035412e-05 5.002697767356561174e-05
1.110000000000000098e+00 1.070702035156396127e-05 7.945896604488562843e+03 7.200000000000000178e+00 1.300000000000000000e+01 2.062597361223587278e+00 2.062466718391414489e+00 2.062595240910627403e+00 2.062597232883861320e+00 1.027983056403481490e-06 6.222238831294995845e-08 6.333898929032299682e-05 6.327677084311323957e-05
1.120000000000000107e+00 9.190671801101183628e-06 8.853087285172830889e+03 9.599999999999999645e+00 1.300000000000000000e+01 2.280322630409487239e+00 2.280399572932366947e+00 2.280318184597282194e+00 2.280320449990709264e+00 1.949645551693123354e-06 9.561896346559181048e-07 3.374194592187657456e-05 3.469816782023143803e-05
1.130000000000000115e+00 7.782666623663614513e-06 9.994712926551577766e+03 7.299999999999999822e+00 1.300000000000000000e+01 2.523297143979630341e+00 2.523109952979479598e+00 2.523293555584790404e+00 2.523295994712432488e+00 1.422107559382127380e-06 4.554626965133344867e-07 7.418507986558988548e-05 7.372965095761307454e-05
1.140000000000000124e+00 6.670130582011543437e-06 1.114416276215880498e+04 1.140000000000000036e+01 1.300000000000000000e+01 2.794677654858057192e+00 2.794478032605625994e+00 2.794672665736863681e+00 2.794675448700618681e+00 1.785225602510769536e-06 7.894145416910645696e-07 7.142943733928998264e-05 7.064007918503545597e-05
1.150000000000000133e+00 5.638897329281546414e-06 1.259206358855334838e+04 7.400000000000000355e+00 1.300000000000000000e+01 3.098031150861641159e+00 3.097774214061169484e+00 3.098025616044541852e+00 3.098028623598978903e+00 1.786562729062595713e-06 8.157647876472183458e-07 8.293551225274596313e-05 8.211981512096928860e-05
1.160000000000000142e+00 4.763040341691387764e-06 1.423450700297272851e+04 1.150000000000000000e+01 1.300000000000000000e+01 3.437401876831006398e+00 3.437216115987119291e+00 3.437398839074787826e+00 3.437402095685318404e+00 8.837369071169288230e-07 6.366852230671809374e-08 5.404106081956349658e-05 5.410472590115572908e-05
1.169999999999999929e+00 4.072629880264325685e-06 1.588962413324603585e+04 3.000000000000000444e+00 1.300000000000000000e+01 3.817389588557957847e+00 3.811903218102195456e+00 3.817382594766230763e+00 3.817386328839539988e+00 1.832090851116735493e-06 8.539136825717531325e-07 1.437204751699157866e-03 1.436352065265388261e-03
1.179999999999999938e+00 3.434399599496965688e-06 1.797735944660379027e+04 1.000000000000000000e+01 1.300000000000000000e+01 4.243188694233070102e+00 4.243197886731826074e+00 4.243188642617182538e+00 4.243192700694759623e+00 1.216441028467830791e-08 9.442092245456568246e-07 2.166412907459363800e-06 1.222201637366655610e-06
1.189999999999999947e+00 2.932104887332932544e-06 2.008221750599480947e+04 1.170000000000000107e+01 1.300000000000000000e+01 4.720746182563754445e+00 4.720581074408629618e+00 4.720737288363183737e+00 4.720741956096024872e+00 1.884070226198098436e-06 8.952973428500159025e-07 3.497501215690428409e-05 3.407974612708971533e-05
1.199999999999999956e+00 2.468571603419774679e-06 2.273977500039649021e+04 1.009999999999999964e+01 1.300000000000000000e+01 5.256764232414874449e+00 5.256697178653644720e+00 5.256760764699729194e+00 5.256765855777588925e+00 6.596676737777407350e-07 3.088139664222475760e-07 1.275571021737188792e-05 1.306452024465266787e-05
1.209999999999999964e+00 2.076577428235643736e-06 2.576029125696306437e+04 1.180000000000000071e+01 1.300000000000000000e+01 5.858923557101254787e+00 5.858842781019132140e+00 5.858918509029368948e+00 5.858924072359061874e+00 8.616047275718830101e-07 8.794410043963167448e-08 1.378684690718361205e-05 1.387478979515139449e-05
1.219999999999999973e+00 1.768794769993575245e-06 2.880810828628770469e+04 1.020000000000000107e+01 1.300000000000000000e+01 6.535941105796148953e+00 6.535772269587911687e+00 6.535932287454495615e+00 6.535938717275518783e+00 1.349209457121334120e-06 3.654441593610239918e-07 2.583196597159365202e-05 2.546653125237371634e-05
1.229999999999999982e+00 1.485514442324253409e-06 3.266140615330578294e+04 6.000000000000000000e+00 1.300000000000000000e+01 7.297749735225917966e+00 7.295868127776190981e+00 7.297742218052138519e+00 7.297749269239393932e+00 1.030068417715931292e-06 6.385345766787985360e-08 2.578339238799254264e-04 2.577700868858450833e-04
1.239999999999999991e+00 1.246567771237167464e-06 3.704603347309595847e+04 9.000000000000000000e+00 1.300000000000000000e+01 8.155691190202356111e+00 8.156185888839059928e+00 8.155683379888381879e+00 8.155691126871039032e+00 9.576529164303306871e-07 7.765291266464487212e-09 6.065686220416373396e-05 6.066462796644839998e-05
1.250000000000000000e+00 1.059387803972866981e-06 4.147389035312398482e+04 1.040000000000000036e+01 1.300000000000000000e+01 9.122693103443866747e+00 9.122377744846568604e+00 9.122692540775281245e+00 9.122701536527577204e+00 6.167790737077788451e-08 9.244064027186509445e-07 3.456858558347135308e-05 3.549296003076815782e-05
1.260000000000000009e+00 8.875594672425265103e-07 4.707937624703548499e+04 9.099999999999999645e+00 1.300000000000000000e+01 1.021355033959068592e+01 1.021421501344984151e+01 1.021354734653558261e+01 1.021355726442503098e+01 2.930475575004532429e-07 6.780041630722264695e-07 6.507765047959039888e-05 6.439960219360023363e-05
1.270000000000000018e+00 7.429897506449268669e-07 5.346505740481289831e+04 1.050000000000000000e+01 1.300000000000000000e+01 1.144515513918743466e+01 1.144462911657391757e+01 1.144513815105835874e+01 1.144514910560011778e+01 1.484309656353187120e-06 5.271741994104698503e-07 4.596028687422677343e-05 4.543313690389374273e-05
1.280000000000000027e+00 6.299998476809564455e-07 5.991884002869746473e+04 1.220000000000000107e+01 1.300000000000000000e+01 1.283679103865159554e+01 1.283720481030266036e+01 1.283678639044523884e+01 1.283679916964719325e+01 3.621004677748061764e-07 6.334130097584084343e-07 3.223326217735829547e-05 3.159982875063227509e-05
1.290000000000000036e+00 5.265450031422446171e-07 6.809976443120297336e+04 1.230000000000000071e+01 1.300000000000000000e+01 1.441063735325839978e+01 1.441110511649269732e+01 1.441061371311290173e+01 1.441062787640669818e+01 1.640467642022643461e-06 6.576293401567907562e-07 3.245957988053661645e-05 3.311723056706550268e-05
1.300000000000000044e+00 4.397203737227482256e-07 7.742978667635458987e+04 1.070000000000000107e+01 1.300000000000000000e+01 1.619196267904749220e+01 1.619117001608637096e+01 1.619196303427495209e+01 1.619197875978315793e+01 2.193850487058008880e-08 9.931297406136039644e-07 4.895410005773721422e-05 4.994718118057813052e-05
1.310000000000000053e+00 3.669144176443798148e-07 8.807440173550190229e+04 1.240000000000000036e+01 1.300000000000000000e+01 1.820989984168931741e+01 1.821070098550005412e+01 1.820989305403819003e+01 1.820991054527720721e+01 3.727452493674649387e-07 5.877891526803356379e-07 4.399495975824009201e-05 4.340714474579963536e-05
1.320000000000000062e+00 3.059152344290022810e-07 1.002234813550062536e+05 1.080000000000000071e+01 1.300000000000000000e+01 2.049777887355930162e+01 2.049665453873171117e+01 2.049774808310094798e+01 2.049776757290795004e+01 1.502138587556371777e-06 5.513113226296802788e-07 5.485154438077963831e-05 5.430026329842743872e-05
1.330000000000000071e+00 2.584186764429167264e-07 1.125198343470729160e+05 9.500000000000000000e+00 1.300000000000000000e+01 2.309385620653422322e+01 2.309536208277617320e+01 2.309381861346501452e+01 2.309384152494880382e+01 1.627841191528968611e-06 6.357359559922139623e-07 6.520679043302873477e-05 6.584256784332220619e-05
1.340000000000000080e+00 2.151195611651743420e-07 1.281391247745624132e+05 1.259999999999999964e+01 1.300000000000000000e+01 2.604214587230129041e+01 2.604340428653821604e+01 2.604211402383770135e+01 2.604213963823915634e+01 1.222959993182752455e-06 2.393836382366865539e-07 4.832221749683440152e-05 4.856161270261932414e-05
1.350000000000000089e+00 1.789315974058512286e-07 1.459854504884898488e+05 1.480000000000000071e+01 1.300000000000000000e+01 2.939325376212545038e+01 2.939176055123721198e+01 2.939324850793321886e+01 2.939327719418453810e+01 1.787550712572810773e-07 7.971911036977069524e-07 5.080114302154818765e-05 5.159829362702661985e-05
1.360000000000000098e+00 1.487120982586986322e-07 1.663839962913508061e+05 8.500000000000000000e+00 1.300000000000000000e+01 3.320549068462621989e+01 3.320278272104660999e+01 3.320548297527679438e+01 3.320551515763040840e+01 2.321709770416815558e-07 7.370162478230365662e-07 8.155168087498412561e-05 8.228863701789331832e-05
1.370000000000000107e+00 1.234976446885912431e-07 1.897084601417681552e+05 1.109999999999999964e+01 1.300000000000000000e+01 3.754598145469584125e+01 3.754394823021989680e+01 3.754593129679940944e+01 3.754596746376711280e+01 1.335907638974678441e-06 3.726346575553923313e-07 5.415291855928185236e-05 5.378030408098072215e-05
1.380000000000000115e+00 1.024767004893150339e-07 2.163884338486025808e+05 8.599999999999999645e+00 1.300000000000000000e+01 4.249204756001302741e+01 4.248877369941772741e+01 4.249196601650563565e+01 4.249200673133429262e+01 1.919033526480796684e-06 9.608555084943923262e-07 7.704643064508020459e-05 7.608564916707311141e-05
1.390000000000000124e+00 8.496628711101490759e-08 2.469179270775263722e+05 1.290000000000000036e+01 1.300000000000000000e+01 4.813285556723678127e+01 4.813539536039745315e+01 4.813285631808924592e+01 4.813290223105155263e+01 1.559958253227636084e-08 9.694785190255995566e-07 5.276630963903731336e-05 5.179677996420799647e-05
1.400000000000000133e+00 7.140167803959887265e-08 2.778799502914556651e+05 8.699999999999999289e+00 1.300000000000000000e+01 5.457174430292573675e+01 5.456792109384981870e+01 5.457167536099787952e+01 5.457172990371880417e+01 1.263328043369857802e-06 2.638583559287025373e-07 7.005839972230961299e-05 6.979455985187508094e-05
1.410000000000000142e+00 5.911023994039222187e-08 3.173186214012274286e+05 1.800000000000000355e+01 1.300000000000000000e+01 6.192763804183816490e+01 6.193263175600515069e+01 6.192753957008593346e+01 6.192760127348962840e+01 1.590112459094037825e-06 5.937311922371815001e-07 8.063789165690535483e-05 8.123167072637409473e-05
1.419999999999999929e+00 4.889616976187435991e-08 3.624952941405674792e+05 1.000000000000000000e+01 1.300000000000000000e+01 7.033824180220013034e+01 7.034188364331693322e+01 7.033819652011956691e+01 7.033826644184483712e+01 6.437765368418585214e-07 3.503021321566519787e-07 5.177611813278172820e-05 5.142579786334049646e-05
1.429999999999999938e+00 4.041528960123201729e-08 4.142635597887427430e+05 1.530000000000000071e+01 1.300000000000000000e+01 7.996312565428755192e+01 7.995866480098113982e+01 7.996307685202792470e+01 7.996315621939888274e+01 6.103099273872601980e-07 3.822399311872187673e-07 5.578637990838616022e-05 5.616859851579135936e-05
1.439999999999999947e+00 3.337922115282503107e-08 4.736065779624667484e+05 7.709999999999999432e+01 4.000000000000000000e+00 9.098686697643910293e+01 3.635316395118682209e+01 9.098684990627286595e+01 9.098694014540171793e+01 1.876113554273042881e-07 8.041699445884471185e-07 6.004570202356740438e-01 6.004573415361299515e-01
1.449999999999999956e+00 2.754655254080800234e-08 5.416571110654907534e+05 1.330000000000000071e+01 1.300000000000000000e+01 1.036237437344920522e+02 1.036281602479721187e+02 1.036235882342952976e+02 1.036236910044648027e+02 1.500625479239323517e-06 5.088607319267301415e-07 4.262067090900101843e-05 4.312955332891353822e-05
1.459999999999999964e+00 2.271536685177743302e-08 6.197207099243162666e+05 1.550000000000000000e+01 1.300000000000000000e+01 1.181217100631076278e+02 1.181158504358820096e+02 1.181216456555880825e+02 1.181217628899196654e+02 5.452643263460768796e-07 4.472233629538330255e-07 4.960669145822227573e-05 5.005389263590473024e-05
1.469999999999999973e+00 1.871692863158620786e-08 7.093025541889839806e+05 1.170000000000000107e+01 1.300000000000000000e+01 1.347695493137240703e+02 1.347646522599990533e+02 1.347693754239465136e+02 1.347695093775596717e+02 1.290276644895886564e-06 2.963293743741878816e-07 3.633649997313114605e-05 3.604018136632925661e-05
1.479999999999999982e+00 1.541035406699421216e-08 8.121385327562919119e+05 1.350000000000000000e+01 1.300000000000000000e+01 1.539021427450316821e+02 1.539076447643060135e+02 1.539018382467363892e+02 1.539019915538466989e+02 1.978522795840255399e-06 9.823861501512288996e-07 3.575011482099054670e-05 3.673253609155944323e-05
1.489999999999999991e+00 1.267811593794703136e-08 9.302312445850991644e+05 9.599999999999999645e+00 9.000000000000000000e+00 1.759086812533818431e+02 1.755198955197983821e+02 1.759086774556913610e+02 1.759088531973858380e+02 2.158898888341980359e-08 9.774607751092438224e-07 2.210156604058940467e-03 2.211131904492662486e-03
1.500000000000000000e+00 1.027026375252520954e-08 1.081666138857521815e+06 1.190000000000000036e+01 1.300000000000000000e+01 2.012435641492264722e+02 2.012376740651139073e+02 2.012433809596835772e+02 2.012435731905593173e+02 9.102885372994146265e-07 4.492731222035562396e-08 2.926843468244896921e-05 2.931336067971722153e-05
1.510000000000000009e+00 8.435971925610733885e-09 1.239924318513909588e+06 1.370000000000000107e+01 1.300000000000000000e+01 2.304344802970935007e+02 2.304410161706169902e+02 2.304341231448343592e+02 2.304343442578292525e+02 1.549910465807954373e-06 5.903601942946446617e-07 2.836326193485870015e-05 2.895363887369417055e-05
1.520000000000000018e+00 6.923972322677387210e-09 1.421859666328877443e+06 1.590000000000000036e+01 1.300000000000000000e+01 2.640969421105695574e+02 2.640886327152878721e+02 2.640966188691118646e+02 2.640968736103172887e+02 1.223951518489537979e-06 2.593754758708405890e-07 3.146342860042046773e-05 3.120406128539139531e-05
1.530000000000000027e+00 5.678622772311535661e-09 1.631086806860574987e+06 8.199999999999999289e+00 9.000000000000000000e+00 3.029494655959935585e+02 3.033256960075381699e+02 3.029491625395864958e+02 3.029494564902867069e+02 1.000354001715189188e-06 3.005685158551844455e-08 1.241891649501516330e-03 1.241921743680454888e-03
1.540000000000000036e+00 4.653707011727105731e-09 1.871782471460093744e+06 1.070000000000000107e+01 1.300000000000000000e+01 3.478310056963466650e+02 3.478380085290724537e+02 3.478303999855205575e+02 3.478307397177575240e+02 1.741397031808351804e-06 7.646782149180905630e-07 2.013285938028805516e-05 2.089755299036511819e-05
1.550000000000000044e+00 3.810870496445498458e-09 2.148774413093256298e+06 9.500000000000000000e+00 1.300000000000000000e+01 3.997207429437636392e+02 3.997124092333817771e+02 3.997202780031124121e+02 3.997206712656774812e+02 1.163165035183760034e-06 1.793204387731131439e-07 2.084883141287118460e-05 2.066951471271966890e-05
1.560000000000000053e+00 3.118309981425945714e-09 2.467644610132290516e+06 1.080000000000000071e+01 1.300000000000000000e+01 4.597648421686878919e+02 4.597715249086635936e+02 4.597647702414408855e+02 4.597652261825060691e+02 1.564435808525968747e-07 8.352389356753415474e-07 1.453512614009267676e-05 1.369987506411404883e-05
1.570000000000000062e+00 2.511752523713502242e-09 2.877651623053326737e+06 1.409999999999999964e+01 1.300000000000000000e+01 5.293061347333834874e+02 5.293123458563138684e+02 5.293051069291831254e+02 5.293056119160452226e+02 1.941799137977110874e-06 9.877419141130963524e-07 1.173446238916077182e-05 1.272221589389420917e-05
1.580000000000000071e+00 2.052084759775408798e-09 3.307190530335418880e+06 1.240000000000000036e+01 1.300000000000000000e+01 6.099123154913675080e+02 6.099071318314853443e+02 6.099122035735138070e+02 6.099127909749182663e+02 1.834983019609740191e-07 7.795926856990282933e-07 8.499024778648047286e-06 9.278610838569523053e-06
1.590000000000000080e+00 1.675275000692256171e-09 3.802192779963400681e+06 8.599999999999999645e+00 1.300000000000000000e+01 7.034277067968266692e+02 7.034349948418657732e+02 7.034276360415916542e+02 7.034283203629164518e+02 1.005863736220932644e-07 8.722510482177144486e-07 1.036075913513738331e-05 9.488499049736652823e-06
1.600000000000000089e+00 1.366627200247732944e-09 4.372825957161274739e+06 1.250000000000000000e+01 1.300000000000000000e+01 8.120133732381038953e+02 8.120104973446102576e+02 8.120119022714038692e+02 8.120127007295570820e+02 1.811508791818743696e-06 8.281995419642008912e-07 3.541682425954844567e-06 2.713485817210406849e-06
1.610000000000000098e+00 1.114007000397831727e-09 5.030864577203712426e+06 1.109999999999999964e+01 1.300000000000000000e+01 9.382033686454343524e+02 9.382046033891441539e+02 9.382017271545064432e+02 9.382026602112841829e+02 1.749614054631654382e-06 7.550971450134062005e-07 1.316072560668999301e-06 2.071170699445038606e-06
1.620000000000000107e+00 8.937244358330272269e-10 5.878567252207183279e+06 1.440000000000000036e+01 1.300000000000000000e+01 1.084978209423884664e+03 1.084976796533070910e+03 1.084978033900058108e+03 1.084979076364479624e+03 1.617763872370837343e-07 7.990389988582263868e-07 1.302229668284171767e-06 2.101267626610107865e-06
1.630000000000000115e+00 7.273993389636932881e-10 6.768198385669144802e+06 8.800000000000000711e+00 1.300000000000000000e+01 1.255848521969650392e+03 1.255840783968708365e+03 1.255846351819438951e+03 1.255847573935365290e+03 1.728037994693386660e-06 7.548959800362142508e-07 6.161571882802042661e-06 5.406680554111673482e-06
1.640000000000000124e+00 5.915866819462824839e-10 7.795154629346073605e+06 2.930000000000000426e+01 1.300000000000000000e+01 1.454935467396184549e+03 1.454890581518829322e+03 1.454932803110534223e+03 1.454934237997967330e+03 1.831208729798242095e-06 8.449854193487513141e-07 3.085076854683948877e-05 3.000580919594033483e-05
1.650000000000000133e+00 4.734712059178714657e-10 9.119540858377039433e+06 8.900000000000000355e+00 1.300000000000000000e+01 1.687098429843191298e+03 1.687074353898228082e+03 1.687097753710907000e+03 1.687099365178101607e+03 4.007665132683803891e-07 5.544041623242820090e-07 1.427062258925392851e-05 1.482501883988564810e-05
1.660000000000000142e+00 3.844812410093241210e-10 1.051092884476181120e+07 1.970000000000000284e+01 1.300000000000000000e+01 1.958072502094060610e+03 1.958040458244516685e+03 1.958070859160387499e+03 1.958072757188524974e+03 8.390573126731633286e-07 1.302783379360843287e-07 1.636499644913838247e-05 1.649527265506992921e-05
1.670000000000000151e+00 3.119860672054558552e-10 1.211872803522010148e+07 6.599999999999999645e+00 1.900000000000000000e+01 2.274613674226879539e+03 2.274617135344359667e+03 2.274612522380452901e+03 2.274614761250129504e+03 5.063923702626526263e-07 4.778933419776718935e-07 1.521628714073765923e-06 1.043734644919862694e-06
1.679999999999999938e+00 2.491019007260421012e-10 1.419441397758039273e+07 1.480000000000000071e+01 1.300000000000000000e+01 2.644705518660896360e+03 2.644668022703983752e+03 2.644705578800794683e+03 2.644708106076930108e+03 2.273973284799848316e-08 9.783370905101879452e-07 1.417774366485729624e-05 1.515606688475499792e-05
1.689999999999999947e+00 2.018262912576955575e-10 1.637741374275480025e+07 1.990000000000000213e+01 1.300000000000000000e+01 3.077783659206863376e+03 3.077709094656795969e+03 3.077783609773886383e+03 3.077786600217942578e+03 1.606122562891586497e-08 9.555604274166245126e-07 2.422670282375283466e-05 2.518224010109095667e-05
1.699999999999999956e+00 1.634026452569951364e-10 1.890248106680850685e+07 2.960000000000000142e+01 1.300000000000000000e+01 3.585005945640811206e+03 3.584729017157828821e+03 3.585004444776635864e+03 3.585007988457901320e+03 4.186505758808431951e-07 5.698221863636166777e-07 7.724631065650416830e-05 7.781608882620615780e-05
1.709999999999999964e+00 1.301591121044049508e-10 2.216585222627931088e+07 1.320000000000000107e+01 1.300000000000000000e+01 4.179581969727155411e+03 4.179663046246338126e+03 4.179575726024691903e+03 4.179579746426161364e+03 1.493860351573511675e-06 5.319436711184947870e-07 1.939823641932510238e-05 1.993019040921269297e-05
1.719999999999999973e+00 1.052206570576663253e-10 2.560149932294322178e+07 1.730000000000000071e+01 1.300000000000000000e+01 4.877143938678274026e+03 4.877260298664464244e+03 4.877143609127505442e+03 4.877148388015177261e+03 6.757044594025923486e-08 9.122824546755186439e-07 2.385822269206032596e-05 2.294591847194684536e-05
1.729999999999999982e+00 8.499829426095369343e-11 2.957943537971182540e+07 1.180000000000000071e+01 1.300000000000000000e+01 5.696270331915270617e+03 5.696125079458986875e+03 5.696259342341872980e+03 5.696265031021259347e+03 1.929261421780561215e-06 9.305911825384386447e-07 2.549957214458674094e-05 2.456900469172529814e-05
1.739999999999999991e+00 6.754701627987958303e-11 3.472592982416546345e+07 1.340000000000000036e+01 1.300000000000000000e+01 6.658936188990037408e+03 6.659098803222694187e+03 6.658936108308157600e+03 6.658942594481988635e+03 1.211633187283307161e-08 9.619383048196408398e-07 2.442045216256119757e-05 2.345849036677319957e-05
1.750000000000000000e+00 5.448347220770575926e-11 4.014962757592938095e+07 1.750000000000000355e+01 1.300000000000000000e+01 7.791318863374120156e+03 7.791533312619777462e+03 7.791315440675171885e+03 7.791323185182163797e+03 4.392966726006164194e-07 5.546950037781997041e-07 2.752412645635663970e-05 2.696941618508301116e-05
1.760000000000000009e+00 4.322952146257679875e-11 4.717136000701706111e+07 2.430000000000000426e+01 1.300000000000000000e+01 9.124470740520513573e+03 9.124959485738774674e+03 9.124469231589766423e+03 9.124478091217080873e+03 1.653718927481065784e-07 8.056018649851337806e-07 5.356422659022308356e-05 5.275858157379711473e-05
1.770000000000000018e+00 3.481699479886834523e-11 5.457658442615141720e+07 1.540000000000000036e+01 1.300000000000000000e+01 1.069536375146845057e+04 1.069507576050038915e+04 1.069535687419574060e+04 1.069536748453905602e+04 6.430147951924647472e-07 3.490362169271377453e-07 2.692671093321920175e-05 2.727573775174902345e-05
1.780000000000000027e+00 2.758224091802288374e-11 6.417016848352890462e+07 1.209999999999999964e+01 1.300000000000000000e+01 1.254800036720946264e+04 1.254756702171870165e+04 1.254798044383763227e+04 1.254799262204594015e+04 1.587775173825484119e-06 6.172432321069747669e-07 3.453502375513207827e-05 3.391780183953478644e-05
1.790000000000000036e+00 2.218173135921601402e-11 7.429484137310026586e+07 1.370000000000000107e+01 1.300000000000000000e+01 1.473478185437871434e+04 1.473522938864453499e+04 1.473476561788226354e+04 1.473478024620796896e+04 1.101917524300265584e-06 1.091411421489548433e-07 3.037264278789827659e-05 3.048178724495215482e-05
1.800000000000000044e+00 1.754523519917457646e-11 8.742035441033141315e+07 7.099999999999999645e+00 1.900000000000000000e+01 1.731823603536404335e+04 1.731831735766640486e+04 1.731823044618653148e+04 1.731824729110144835e+04 3.227337532684240402e-07 6.499351358027948412e-07 4.695761288589242886e-06 4.045823100846197583e-06
1.810000000000000053e+00 1.408908767343849542e-11 1.012821295040248334e+08 1.090000000000000036e+01 1.300000000000000000e+01 2.037300777994400414e+04 2.037400554936025583e+04 2.037298393449672949e+04 2.037300422841674663e+04 1.170444513740377368e-06 1.743251617530319532e-07 4.897506676623023084e-05 4.914940046556969509e-05
1.820000000000000062e+00 1.112691934832548113e-11 1.192644407771576494e+08 1.390000000000000036e+01 1.300000000000000000e+01 2.398816107787676810e+04 2.398897404377277053e+04 2.398814440075800667e+04 2.398816784566692149e+04 6.952233771324499287e-07 2.821303484672877921e-07 3.389029669107013150e-05 3.360815678112162819e-05
1.830000000000000071e+00 8.780632178867565309e-12 1.404936301535097957e+08 1.240000000000000036e+01 1.300000000000000000e+01 2.827029331352184090e+04 2.826910494582488536e+04 2.827024230206735956e+04 2.827026943259758264e+04 1.804422259147389446e-06 8.447363515654487857e-07 4.203591677583108557e-05 4.119121593353260977e-05
1.840000000000000080e+00 7.035294204033907014e-12 1.629382098438439071e+08 5.870000000000000284e+01 1.300000000000000000e+01 3.334674350865370798e+04 3.333281781118566141e+04 3.334673004003347160e+04 3.334676287222102837e+04 4.038962806911378194e-07 5.806730744628776230e-07 4.176029201901754044e-04 4.181833507738667442e-04
1.850000000000000089e+00 5.543264407348357588e-12 1.920828880643730462e+08 1.409999999999999964e+01 1.300000000000000000e+01 3.937022626302282151e+04 3.937168019721595920e+04 3.937022162486328307e+04 3.937025974026357289e+04 1.178088247162795580e-07 8.503180058307867721e-07 3.692979012679038932e-05 3.607944071889410955e-05
1.860000000000000098e+00 4.434927799248251058e-12 2.229169369659467041e+08 2.500000000000000355e+01 1.300000000000000000e+01 4.652367769664798107e+04 4.652589562573506555e+04 4.652359987446329615e+04 4.652364613389240549e+04 1.672746410314555737e-06 6.784239456370719817e-07 4.767312467312287503e-05 4.835158096134928459e-05
1.870000000000000107e+00 3.489033066666428247e-12 2.629820866863785982e+08 1.610000000000000142e+01 1.300000000000000000e+01 5.502630985192171647e+04 5.502441539713476232e+04 5.502621583890753391e+04 5.502626971307133499e+04 1.708513165030163092e-06 7.294488721619919755e-07 3.442816340132965404e-05 3.369873964275262539e-05
1.880000000000000115e+00 2.742747502062872501e-12 3.103654276123686433e+08 3.990000000000000568e+01 1.300000000000000000e+01 6.514137577478274034e+04 6.515000897272323346e+04 6.514136389918661735e+04 6.514142674458452530e+04 1.823049965820428742e-07 7.824483486492874524e-07 1.325301751430795979e-04 1.317476230964136151e-04
1.890000000000000124e+00 2.189523023568458002e-12 3.605486270108106136e+08 1.850000000000000355e+01 1.300000000000000000e+01 7.718543832981536980e+04 7.718796009223036526e+04 7.718535290534804517e+04 7.718542951379717852e+04 1.106744532597836593e-06 1.142186841067813446e-07 3.267147883801486562e-05 3.278570125381497061e-05
1.900000000000000133e+00 1.718578869499242960e-12 4.258183501893644929e+08 1.140000000000000036e+01 1.300000000000000000e+01 9.153850650959523045e+04 9.154447138900263235e+04 9.153850679299337207e+04 9.153859643931665050e+04 3.095944554346938101e-09 9.824240803131116669e-07 6.516251613496278278e-05 6.418002803742468918e-05
1.910000000000000142e+00 1.347887448861906477e-12 5.030914908258879185e+08 4.000000000000000711e+01 1.300000000000000000e+01 1.086586219511151721e+05 1.086700101529179374e+05 1.086584781427521375e+05 1.086585832160967839e+05 1.323489574791317864e-06 3.564837423953594523e-07 1.048071620850182735e-04 1.051636831894630058e-04
1.920000000000000151e+00 1.073657668699136024e-12 5.850160933861933947e+08 1.150000000000000000e+01 1.300000000000000000e+01 1.290966191082753649e+05 1.291052876353350002e+05 1.290964379264617455e+05 1.290965665662428073e+05 1.403460982575990567e-06 4.069979082718591020e-07 6.714759162178330113e-05 6.755461685898448971e-05
1.929999999999999938e+00 8.408007990814760793e-13 6.916714550950938463e+08 1.459999999999999964e+01 1.300000000000000000e+01 1.535168952069119259e+05 1.535231358123293321e+05 1.535167554576893745e+05 1.535169067030021106e+05 9.103190211050848765e-07 7.488484774452233271e-08 4.065093557940331587e-05 4.057604768751966979e-05
1.939999999999999947e+00 6.579404164904076853e-13 8.180729079608244896e+08 9.199999999999999289e+00 1.900000000000000000e+01 1.827210586462128849e+05 1.827212773863509938e+05 1.827208772637393267e+05 1.827210553722299228e+05 9.926751462361907833e-07 1.791792935662606265e-08 1.197126044088710366e-06 1.215043994895356325e-06
1.949999999999999956e+00 5.144543251326141235e-13 9.679293130151299238e+08 8.500000000000000000e+00 1.900000000000000000e+01 2.176766860926702793e+05 2.176759980393870210e+05 2.176764393899171264e+05 2.176766494679679454e+05 1.133346143681724097e-06 1.682527842258423319e-07 3.160895618217102671e-06 2.992643365820749111e-06
1.959999999999999964e+00 4.085952608540595557e-13 1.127029571839619875e+09 1.670000000000000284e+01 1.300000000000000000e+01 2.595528511918418226e+05 2.595440318233031430e+05 2.595526846570448542e+05 2.595529433335528011e+05 6.416223249178984868e-07 3.550016031220853276e-07 3.397908556265847452e-05 3.433407510315070882e-05
1.969999999999999973e+00 3.190081651543186533e-13 1.334416155397857189e+09 1.910000000000000142e+01 1.300000000000000000e+01 3.097637714458486298e+05 3.097732496301077772e+05 3.097636893511219532e+05 3.097639953912675846e+05 2.650237245319330209e-07 7.229549666414847456e-07 3.059810453271263940e-05 2.987512744501951477e-05
1.979999999999999982e+00 2.488736847085406246e-13 1.580537660394760847e+09 8.599999999999999645e+00 1.900000000000000000e+01 3.700211548860336188e+05 3.700199239168083295e+05 3.700209857511605951e+05 3.700213483991159592e+05 4.570953527956537394e-07 5.229781556593614350e-07 3.326753643770551948e-06 3.849730059610428321e-06
1.989999999999999991e+00 1.940106122229281176e-13 1.872730821960532665e+09 9.400000000000000355e+00 1.900000000000000000e+01 4.423984778605956235e+05 4.423990248500671587e+05 4.423979115479936008e+05 4.423983419505720958e+05 1.280097819723152748e-06 3.072118736441159618e-07 1.236418068571114118e-06 1.543630322057541505e-06
2.000000000000000000e+00 1.511269594689771081e-13 2.219740469081392288e+09 1.340000000000000036e+01 1.300000000000000000e+01 5.294081797864986584e+05 5.293785553496764041e+05 5.294081772621846758e+05 5.294086888788577635e+05 4.768180944296196623e-09 9.616244874696766212e-07 5.595764847116877763e-05 5.691921914839342397e-05
