# tabulated bounds on parameter mu near a physical boundary, from 2408.07700
μ 68% C.L. 95% C.L.
0.00 0.23 2.86
0.05 0.25 2.86
0.10 0.34 2.86
0.15 0.44 2.86
0.20 0.52 2.86
0.25 0.59 2.86
0.30 0.65 2.86
0.35 0.71 2.86
0.40 0.76 2.86
0.45 0.80 2.87
0.50 0.84 2.89
0.55 0.87 2.92
0.60 0.90 2.96
0.65 0.93 3.01
0.70 0.95 3.07
0.75 0.96 3.13
0.80 0.98 3.19
0.85 0.99 3.25
0.90 0.99 3.31
0.95 1.00 3.37
1.00 1.00 3.43
1.05 1.00 3.48
1.10 1.00 3.54
1.15 1.00 3.59
1.20 1.00 3.64
1.25 1.00 3.68
1.30 1.00 3.72
1.35 1.00 3.76
1.40 1.00 3.80
1.45 1.00 3.83
1.50 1.00 3.86
1.55 1.00 3.89
1.60 1.00 3.91
1.65 1.00 3.93
1.70 1.00 3.95
1.75 1.00 3.97
1.80 1.00 3.98
1.85 1.00 3.99
1.90 1.00 3.99
1.95 1.00 4.00
2.00 1.00 4.00